   6
   1   1
    20.122783714800001     0.000011512800000    -0.000032619600000
     0.000011512800000    20.132732692799998     0.000000000000000
    -0.000032619600000     0.000000000000000    30.120478127999998
   1   2
    -0.001718285400000     0.000019188000000    -0.000000959400000
    -0.000013431600000    -0.000777114000000    -0.000003837600000
     0.000001918800000     0.000009594000000    -0.026893900800000
   1   3
   -10.067888749332694    -0.000005546541301     0.000439840725143
    -0.000024404781723   -10.069047976464534    -0.000016084969772
     0.000059347991917     0.000169724163800   -15.066683027814328
   1   4
    -0.003834878655281     0.000008319811951     0.000001663962390
    -0.000002218616520    -0.006633108741467    -0.000018303586292
     0.000002218616520     0.000071550382779     0.003082213000780
   1   5
   -10.068302521313724     0.000006101195431    -0.000421537138851
    -0.000033833901934   -10.069532189520082     0.000006101195431
    -0.000011647736731    -0.000174716050971   -15.065000761837837
   1   6
    -0.004366791966015    -0.000007210503691     0.000008874466081
    -0.000009429120211    -0.007140062616348     0.000011093082601
    -0.000012757044992    -0.000076542269949     0.001971795432387
   2   1
    -0.001718285400000    -0.000013431600000     0.000001918800000
     0.000019188000000    -0.000777114000000     0.000009594000000
    -0.000000959400000    -0.000003837600000    -0.026893900800000
   2   2
    20.131232191199999     0.000035497800000     0.000011512800000
     0.000035497800000    20.114190368999999     0.000004797000000
     0.000011512800000     0.000004797000000    30.129653829599999
   2   3
    -0.004290249696066    -0.000003327924780    -0.000027178052373
     0.000009983774341    -0.002820970905519     0.000670022189121
     0.000012757044992    -0.000045481638665     0.002575813780030
   2   4
   -10.069240996101797    -0.000028842014763     0.000619548663284
    -0.000013311699122   -10.070081851762978    -0.002666777057360
    -0.000083752773640    -0.000313379583488   -15.068030837350390
   2   5
    -0.004759487090102    -0.000006101195431     0.000042153713885
     0.000009429120211    -0.003393373967748    -0.000655601181739
    -0.000017748932162     0.000027178052373     0.001522525587033
   2   6
   -10.069695257834322    -0.000018858240422    -0.000641180174357
     0.000000554654130   -10.070525575067032     0.002654020012369
     0.000104829630583     0.000287310839375   -15.066678035927156
   3   1
   -10.067888749332694    -0.000024404781723     0.000059347991917
    -0.000005546541301   -10.069047976464534     0.000169724163800
     0.000439840725143    -0.000016084969772   -15.066683027814328
   3   2
    -0.004290249696066     0.000009983774341     0.000012757044992
    -0.000003327924780    -0.002820970905519    -0.000045481638665
    -0.000027178052373     0.000670022189121     0.002575813780030
   3   3
     9.690213408740002     0.000059963420000     0.000042006460000
     0.000059963420000     9.702140357439999     0.000863216720000
     0.000042006460000     0.000863216720000    17.133752990180000
   3   4
    -0.013628050000000     0.000005130560000     0.000011223100000
     0.000000320660000    -0.015862408880000    -0.000049060980000
     0.000017636300000     0.000049702300000    -0.094517100280000
   3   5
     0.419098451420000    -0.000037517220000    -0.000131791260000
    -0.000032066000000     0.417150121260000    -0.000957170100000
     0.000072148500000     0.000981219600000    -1.973802428420000
   3   6
    -0.014095251620000    -0.000009299140000     0.000007695840000
    -0.000012826400000    -0.016312936180000     0.000034951940000
     0.000007695840000    -0.000056436160000     0.012818383500000
   4   1
    -0.003834878655281    -0.000002218616520     0.000002218616520
     0.000008319811951    -0.006633108741467     0.000071550382779
     0.000001663962390    -0.000018303586292     0.003082213000780
   4   2
   -10.069240996101797    -0.000013311699122    -0.000083752773640
    -0.000028842014763   -10.070081851762978    -0.000313379583488
     0.000619548663284    -0.002666777057360   -15.068030837350390
   4   3
    -0.013628050000000     0.000000320660000     0.000017636300000
     0.000005130560000    -0.015862408880000     0.000049702300000
     0.000011223100000    -0.000049060980000    -0.094517100280000
   4   4
     9.693889134320001    -0.000014429700000     0.000070224540000
    -0.000014429700000     9.703479112940000    -0.000651581120000
     0.000070224540000    -0.000651581120000    17.137672096700001
   4   5
    -0.014032722920000    -0.000006092540000    -0.000011864420000
     0.000009619800000    -0.016381236760000     0.000056115500000
    -0.000006733860000    -0.000067338600000     0.012883798140000
   4   6
     0.418342014480000    -0.000006733860000    -0.000017315640000
    -0.000002885940000     0.416885576760000     0.000816721020000
     0.000008978480000    -0.000753551000000    -1.974616584160000
   5   1
   -10.068302521313724    -0.000033833901934    -0.000011647736731
     0.000006101195431   -10.069532189520082    -0.000174716050971
    -0.000421537138851     0.000006101195431   -15.065000761837837
   5   2
    -0.004759487090102     0.000009429120211    -0.000017748932162
    -0.000006101195431    -0.003393373967748     0.000027178052373
     0.000042153713885    -0.000655601181739     0.001522525587033
   5   3
     0.419098451420000    -0.000032066000000     0.000072148500000
    -0.000037517220000     0.417150121260000     0.000981219600000
    -0.000131791260000    -0.000957170100000    -1.973802428420000
   5   4
    -0.014032722920000     0.000009619800000    -0.000006733860000
    -0.000006092540000    -0.016381236760000    -0.000067338600000
    -0.000011864420000     0.000056115500000     0.012883798140000
   5   5
     9.690327243040000     0.000060604740000    -0.000035593260000
     0.000060604740000     9.703272287240001    -0.000839487880000
    -0.000035593260000    -0.000839487880000    17.132276671540001
   5   6
    -0.013107618820000    -0.000010902440000     0.000002885940000
    -0.000006733860000    -0.015421822040000     0.000042006460000
     0.000002565280000    -0.000054512200000    -0.093977750160000
   6   1
    -0.004366791966015    -0.000009429120211    -0.000012757044992
    -0.000007210503691    -0.007140062616348    -0.000076542269949
     0.000008874466081     0.000011093082601     0.001971795432387
   6   2
   -10.069695257834322     0.000000554654130     0.000104829630583
    -0.000018858240422   -10.070525575067032     0.000287310839375
    -0.000641180174357     0.002654020012369   -15.066678035927156
   6   3
    -0.014095251620000    -0.000012826400000     0.000007695840000
    -0.000009299140000    -0.016312936180000    -0.000056436160000
     0.000007695840000     0.000034951940000     0.012818383500000
   6   4
     0.418342014480000    -0.000002885940000     0.000008978480000
    -0.000006733860000     0.416885576760000    -0.000753551000000
    -0.000017315640000     0.000816721020000    -1.974616584160000
   6   5
    -0.013107618820000    -0.000006733860000     0.000002565280000
    -0.000010902440000    -0.015421822040000    -0.000054512200000
     0.000002885940000     0.000042006460000    -0.093977750160000
   6   6
     9.694595548300001     0.000070545200000    -0.000095236020000
     0.000070545200000     9.703974853300000     0.000646450560000
    -0.000095236020000     0.000646450560000    17.136858902940002
